"meuse" <-
structure(list(Year = c(1911, 1912, 1913, 1914, 1915, 1916, 1917, 
1918, 1919, 1920, 1921, 1922, 1923, 1924, 1925, 1926, 1927, 1928, 
1929, 1930, 1931, 1932, 1933, 1934, 1935, 1936, 1937, 1938, 1939, 
1940, 1941, 1942, 1943, 1944, 1945, 1946, 1947, 1948, 1949, 1950, 
1951, 1952, 1953, 1954, 1955, 1956, 1957, 1958, 1959, 1960, 1961, 
1962, 1963, 1964, 1965, 1966, 1967, 1968, 1969, 1970, 1971, 1972, 
1973, 1974, 1975, 1976, 1977, 1978, 1979, 1980, 1981, 1982, 1983, 
1984, 1985, 1986, 1987, 1988, 1989, 1990, 1991, 1992, 1993, 1994, 
1995), Discharge = c(1332.7, 1242.48, 1733.13, 1363.47, 2031.01, 
1715.46, 1873.63, 1242.48, 2278.54, 669.01, 838.97, 1339.36, 
1130.96, 2086.06, 3175, 1582.41, 1308.51, 1315.06, 1103.01, 1712.34, 
1235.83, 1337.91, 553, 1061, 1186, 1415.12, 1556.15, 1513.36, 
2109.82, 1384.41, 1152, 1283.9, 759, 2022.34, 1744.13, 1531.24, 
1578.85, 627, 1281.55, 1520.66, 1674.07, 1927.12, 678, 1388.41, 
1900.16, 1453.66, 2025.79, 1276.13, 809, 2208.23, 1687.43, 1075, 
1566.17, 1316.87, 1960.62, 2016.7, 1626.81, 758, 2243.22, 968, 
557, 1020, 858, 1285.62, 662, 1229, 1074, 1244, 2054.86, 1325.68, 
1397.93, 1140, 2555.52, 1645.92, 1747.99, 1610.72, 1888.21, 1264.07, 
1498, 1845, 1633, 2383, 3117, 2884, 750)), .Names = c("Year", 
"Discharge"), row.names = c("1", "2", "3", "4", "5", "6", "7", 
"8", "9", "10", "11", "12", "13", "14", "15", "16", "17", "18", 
"19", "20", "21", "22", "23", "24", "25", "26", "27", "28", "29", 
"30", "31", "32", "33", "34", "35", "36", "37", "38", "39", "40", 
"41", "42", "43", "44", "45", "46", "47", "48", "49", "50", "51", 
"52", "53", "54", "55", "56", "57", "58", "59", "60", "61", "62", 
"63", "64", "65", "66", "67", "68", "69", "70", "71", "72", "73", 
"74", "75", "76", "77", "78", "79", "80", "81", "82", "83", "84", 
"85"), class = "data.frame")
