DJIA <-
list(structure(c(15043, 15044, 15047, 15048, 15049, 15050, 15051, 
15054, 15055, 15056, 15057, 15058, 15061, 15062, 15063, 15064, 
15065, 15068, 15069, 15070, 15071, 15072, 15075, 15076, 15077, 
15078, 15079, 15082, 15083, 15084, 15085, 15089, 15090, 15091, 
15092, 15093, 15096, 15097, 15098, 15099, 15100, 15103, 15104, 
15105, 15106, 15107, 15110, 15111, 15112, 15113, 15114, 15117, 
15118, 15119, 15120, 15121, 15125, 15126, 15127, 15128, 15131, 
15132, 15133, 15134, 15135, 15138, 15139, 15140, 15141, 15142, 
15145, 15146, 15147, 15148, 15149, 15152, 15153, 15154, 15155, 
15156, 15160, 15161, 15162, 15163, 15166, 15167, 15168, 15169, 
15170, 15173, 15174, 15175, 15176, 15177, 15180, 15181, 15182, 
15183, 15184, 15187, 15188, 15189, 15190, 15191, 15194, 15195, 
15196, 15197, 15198, 15201, 15202, 15203, 15204, 15205, 15208, 
15209, 15210, 15211, 15212, 15215, 15216, 15217, 15218, 15219, 
15223, 15224, 15225, 15226, 15229, 15230, 15231, 15232, 15233, 
15236, 15237, 15238, 15239, 15240, 15243, 15244, 15245, 15246, 
15247, 15250, 15251, 15252, 15253, 15254, 15257, 15258, 15259, 
15260, 15261, 15264, 15265, 15266, 15267, 15268, 15271, 15272, 
15273, 15274, 15275, 15278, 15279, 15280, 15281, 15282, 15285, 
15286, 15287, 15288, 15289, 15292, 15293, 15294, 15295, 15296, 
15299, 15300, 15301, 15303, 15306, 15307, 15308, 15309, 15310, 
15313, 15314, 15315, 15316, 15317, 15320, 15321, 15322, 15323, 
15324, 15327, 15328, 15329, 15330, 15331, 15335, 15336, 15337, 
15338, 15342, 15343, 15344, 15345, 15348, 15349, 15350, 15351, 
15352, 15356, 15357, 15358, 15359, 15362, 15363, 15364, 15365, 
15366, 15369, 15370, 15371, 15372, 15373, 15376, 15377, 15378, 
15379, 15380, 15383, 15384, 15385, 15386, 15387, 15391, 15392, 
15393, 15394, 15397, 15398, 15399, 15400, 15401, 15404, 15405, 
15406, 15407, 15408, 15411, 15412, 15413, 15414, 15415, 15418, 
15419, 15420, 15421, 15422, 15425, 15426, 15427, 15428, 15429, 
15432, 15433, 15434, 15435, 15439, 15440, 15441, 15442, 15443, 
15446, 15447, 15448, 15449, 15450, 15453, 15454, 15455, 15456, 
15457, 15460, 15461, 15462, 15463, 15464, 15467, 15468, 15469, 
15470, 15471, 15474, 15475, 15476, 15477, 15478, 15481, 15482, 
15483, 15484, 15485, 15489, 15490, 15491, 15492, 15495, 15496, 
15497, 15498, 15499, 15502, 15503, 15504, 15505, 15506, 15509, 
15510, 15511, 15512, 15513, 15516, 15517, 15518, 15519, 15520, 
15523, 15524, 15526, 15527, 15530, 15531, 15532, 15533, 15534, 
15537, 15538, 15539, 15540, 15541, 15544, 15545, 15546, 15547, 
15548, 15551, 15552, 15553, 15554, 15555, 15558, 15559, 15560, 
15561, 15562, 15565, 15566, 15567, 15568, 15569, 15572, 15573, 
15574, 15575, 15576, 15579, 15580, 15581, 15582, 15583, 15587, 
15588, 15589, 15590, 15593, 15594, 15595, 15596, 15597, 15600, 
15601, 15602, 15603, 15604, 15607, 15608, 15609, 15610, 15611, 
15614, 15615, 15616, 15617, 15618, 15621, 15622, 15623, 15624, 
15625, 15628, 15629, 15630, 15631, 15632, 15635, 15636, 15637, 
15638, 15639, 15644, 15645, 15646, 15649, 15650, 15651, 15652, 
15653, 15656, 15657, 15658, 15659, 15660, 15663, 15664, 15665, 
15667, 15670, 15671, 15672, 15673, 15674, 15677, 15678, 15679, 
15680, 15681, 15684, 15685, 15686, 15687, 15688, 15691, 15692, 
15693, 15694, 15695, 15698, 15700, 15701, 15702, 15705, 15707, 
15708, 15709, 15712, 15713, 15714, 15715, 15716, 15719, 15720, 
15721, 15722, 15723, 15727, 15728, 15729, 15730, 15733, 15734, 
15735, 15736, 15737, 15740, 15741, 15742, 15743, 15744, 15747, 
15748, 15749, 15750, 15751, 15755, 15756, 15757, 15758, 15761, 
15762, 15763, 15764, 15765, 15768, 15769, 15770, 15771, 15772, 
15775, 15776, 15777, 15778, 15779, 15782, 15783, 15784, 15785, 
15786, 15789, 15790, 15791, 15792, 15796, 15797, 15798, 15799, 
15800, 15803, 15804, 15805, 15806, 15807, 15810, 15811, 15812, 
15813, 15814, 15817, 15818, 15819, 15820, 15821, 15824, 15825, 
15826, 15827, 15828, 15831, 15832, 15833, 15834, 15835, 15838, 
15839, 15840, 15841, 15842, 15845, 15846, 15847, 15848, 15849, 
15853, 15854, 15855, 15856, 15859, 15860, 15861, 15862, 15863, 
15866, 15867, 15868, 15869, 15870, 15873, 15874, 15875, 15876, 
15877, 15880, 15881, 15882, 15883, 15884, 15887, 15888, 15889, 
15891, 15894, 15895, 15896, 15897, 15898, 15901, 15902, 15903, 
15904, 15905, 15908, 15909, 15910, 15911, 15912, 15915, 15916, 
15917, 15918, 15919, 15922, 15923, 15924, 15925, 15926, 15929, 
15930, 15931, 15932, 15933, 15936, 15937, 15938, 15939, 15940, 
15943, 15944, 15945, 15946, 15947, 15951, 15952, 15953, 15954, 
15957, 15958, 15959, 15960, 15961, 15964, 15965, 15966, 15967, 
15968, 15971, 15972, 15973, 15974, 15975, 15978, 15979, 15980, 
15981, 15982, 15985, 15986, 15987, 15988, 15989, 15992, 15993, 
15994, 15995, 15996, 15999, 16000, 16001, 16002, 16003, 16006, 
16007, 16008, 16009, 16010, 16013, 16014, 16015, 16016, 16017, 
16020, 16021, 16022, 16023, 16024, 16027, 16028, 16029, 16030, 
16031, 16034, 16035, 16036, 16038, 16041, 16042, 16043, 16044, 
16045, 16048, 16049, 16050, 16051, 16052, 16055, 16056, 16057, 
16058, 16059, 16062, 16063, 16065, 16066, 16069, 16070, 16072, 
16073, 16076, 16077, 16078, 16079, 16080, 16083, 16084, 16085, 
16086, 16087, 16091, 16092, 16093, 16094, 16097, 16098, 16099, 
16100, 16101, 16104, 16105, 16106, 16107, 16108, 16111, 16112, 
16113, 16114, 16115, 16119, 16120, 16121, 16122, 16125, 16126, 
16127, 16128, 16129, 16132, 16133, 16134, 16135, 16136, 16139, 
16140, 16141, 16142, 16143, 16146, 16147, 16148, 16149, 16150, 
16153, 16154, 16155, 16156, 16157, 16160, 16161, 16162, 16163, 
16164, 16167, 16168, 16169, 16170, 16171, 16174, 16175, 16176, 
16177, 16181, 16182, 16183, 16184, 16185, 16188, 16189, 16190, 
16191, 16192, 16195, 16196, 16197, 16198, 16199, 16202, 16203, 
16204, 16205, 16206, 16209, 16210, 16211, 16212, 16213, 16217, 
16218, 16219, 16220, 16223, 16224, 16225, 16226, 16227, 16230, 
16231, 16232, 16233, 16234, 16237, 16238, 16239, 16240, 16241, 
16244, 16245, 16246, 16247, 16248, 16251, 16252, 16253, 16254, 
16258, 16259, 16260, 16261, 16262, 16265, 16266, 16267, 16268, 
16269, 16272, 16273, 16274, 16275, 16276, 16279, 16280, 16281, 
16282, 16283, 16286, 16287, 16288, 16289, 16290, 16293, 16294, 
16295, 16296, 16297, 16300, 16301, 16302, 16303, 16304, 16307, 
16308, 16309, 16310, 16311, 16315, 16316, 16317, 16318, 16321, 
16322, 16323, 16324, 16325, 16328, 16329, 16330, 16331, 16332, 
16335, 16336, 16337, 16338, 16339, 16342, 16343, 16344, 16345, 
16346, 16349, 16350, 16351, 16352, 16353, 16356, 16357, 16358, 
16359, 16360, 16363, 16364, 16365, 16366, 16367, 16370, 16371, 
16372, 16373, 16374, 16377, 16378, 16379, 16380, 16381, 16384, 
16385, 16386, 16387, 16388, 16391, 16392, 16393, 16394, 16395, 
16398, 16399, 16400, 16402, 16405, 16406, 16407, 16408, 16409, 
16412, 16413, 16414, 16415, 16416, 16419, 16420, 16421, 16422, 
16423, 16426, 16427, 16428, 16430, 16433, 16434, 16435, 16437, 
16440, 16441, 16442, 16443, 16444, 16447, 16448, 16449, 16450, 
16451, 16455, 16456, 16457, 16458, 16461, 16462, 16463, 16464, 
16465, 16468, 16469, 16470, 16471, 16472, 16475, 16476, 16477, 
16478, 16479, 16483, 16484, 16485, 16486, 16489, 16490, 16491, 
16492, 16493, 16496, 16497, 16498, 16499, 16500, 16503, 16504, 
16505, 16506, 16507, 16510, 16511, 16512, 16513, 16514, 16517, 
16518, 16519, 16520, 16521, 16524, 16525, 16526, 16527, 16531, 
16532, 16533, 16534, 16535, 16538, 16539, 16540, 16541, 16542, 
16545, 16546, 16547, 16548, 16549, 16552, 16553, 16554, 16555, 
16556, 16559, 16560, 16561, 16562, 16563, 16566, 16567, 16568, 
16569, 16570, 16573, 16574, 16575, 16576, 16577, 16581, 16582, 
16583, 16584, 16587, 16588, 16589, 16590, 16591, 16594, 16595, 
16596, 16597, 16598, 16601, 16602, 16603, 16604, 16605, 16608, 
16609, 16610, 16611, 16612, 16615, 16616, 16617, 16618, 16622, 
16623, 16624, 16625, 16626, 16629, 16630, 16631, 16632, 16633, 
16636, 16637, 16638, 16639, 16640, 16643, 16644, 16645, 16646, 
16647, 16650, 16651, 16652, 16653, 16654, 16657, 16658, 16659, 
